2.164721485404689716e+01
1.957727256616821165e+01
2.039916917574972643e+01
2.012913304366657385e+01
2.242549869271917018e+01
1.982308404422704484e+01
1.934839043662527303e+01
1.980221928765925199e+01
1.946800779775978540e+01
2.112236593440225718e+01
2.084691624969464385e+01
1.942247732873214972e+01
1.967440550731956250e+01
1.931273134010007908e+01
1.981463503245213076e+01
2.099381739490357290e+01
2.184053676989780612e+01
2.254038259520021015e+01
1.926939469574137931e+01
2.138724417974682979e+01
1.943874670529170956e+01
2.089830702692259123e+01
1.964879222354769439e+01
1.968950264654149862e+01
1.987281511578200721e+01
2.021654687431811936e+01
2.094558478761050679e+01
2.005448335813924032e+01
2.016890896141146428e+01
2.038560988038324240e+01
2.047690394023314653e+01
1.994603530074291697e+01
2.146753490303650480e+01
1.874853641419593941e+01
2.049803889125148260e+01
1.915685010364801855e+01
2.046519200960588236e+01
2.134012654730016223e+01
2.041498431880613396e+01
2.043980546066520532e+01
1.966763604521639763e+01
2.179739804365573974e+01
2.001801496585854423e+01
2.078135568614426276e+01
2.065026174731265485e+01
2.086284790708414505e+01
1.873956044568056356e+01
2.050900815439062441e+01
2.059505107473416885e+01
2.070695513053334835e+01
1.941856415047905671e+01
1.965043235795367949e+01
2.158985282178184661e+01
2.025601605301557839e+01
2.000793314880739260e+01
2.043388944240647476e+01
2.033487992849315162e+01
2.074848754676141738e+01
1.869315942939619646e+01
2.114583360964359571e+01
1.940174545637890091e+01
2.048740283833856779e+01
1.970684316437225903e+01
2.143422675812153244e+01
2.140139085173206368e+01
1.904268719748530714e+01
2.058865839754303551e+01
1.995603524361658643e+01
2.069742819232527253e+01
1.938822263606238749e+01
2.083958939798478838e+01
2.025138632969460772e+01
2.247724623294278956e+01
2.018043602873385822e+01
2.094226278469305313e+01
1.991655653286610317e+01
1.965715138764429426e+01
1.999937678580767653e+01
2.032562478130416395e+01
1.953345439493770996e+01
2.057942795103226885e+01
1.939332368630901371e+01
1.990650726886860511e+01
2.136459866122831031e+01
2.013657830467397858e+01
1.935609213247817095e+01
2.171032320957949580e+01
2.094658154048305576e+01
2.034238018221461175e+01
1.997447299292973710e+01
1.953032373687589285e+01
2.045468429278480116e+01
2.043838129984821705e+01
2.112771615974171624e+01
2.105316501357240000e+01
1.870885453645581720e+01
2.202807052249135467e+01
2.021561772256109180e+01
2.001445659245692354e+01
2.139108853336020033e+01
2.081281979788522207e+01
2.201047459124612971e+01
1.980214667934019701e+01
2.177717985411480228e+01
1.981687160975615924e+01
2.053792316455540146e+01
2.023182319519655081e+01
2.105843765174358495e+01
2.066314388073950070e+01
1.773065923480517725e+01
2.013731600264896571e+01
2.035171091813577959e+01
2.060894382267458269e+01
2.224949967783762261e+01
2.121471839951612992e+01
2.039378816637419689e+01
1.815834731866232943e+01
2.099953555035911634e+01
1.977135438968357661e+01
2.105611930531994602e+01
2.114440547007793825e+01
2.119109194081970315e+01
1.983980556528889139e+01
2.082076100236852412e+01
2.188564568680056510e+01
2.065014568438676434e+01
2.027384167076132471e+01
2.218585360482166990e+01
1.863193634186978187e+01
2.130721708803654124e+01
2.062532713164781839e+01
1.992116398584544612e+01
2.057091613535310870e+01
1.867064068544183897e+01
1.990289133917671904e+01
1.975227876339654998e+01
2.044979694896688116e+01
1.973961854870379184e+01
2.034216837360505892e+01
2.070516410524098205e+01
2.243791298653770028e+01
1.980459358567699013e+01
2.206855472792288353e+01
1.921381606461778802e+01
1.988874262677353144e+01
2.139136791396262538e+01
1.872743422875531394e+01
2.168358300730040611e+01
2.173294697090111427e+01
2.164191359562199679e+01
2.089944199735833408e+01
1.944833699416911443e+01
1.993681737379467833e+01
2.148292851494101541e+01
2.026118634288357967e+01
2.033230974284398940e+01
2.027057431989373271e+01
1.974533787574431543e+01
1.891276747160165783e+01
2.038530168785587549e+01
2.176703603311372959e+01
1.943118703995874341e+01
2.115298036829465644e+01
1.881277995668392222e+01
2.030372541068413739e+01
2.027056274496310806e+01
2.084974250020706066e+01
2.106244579498591207e+01
2.026799785512228169e+01
2.007473849865396787e+01
2.078874206601779662e+01
2.129865236560991804e+01
2.118809824100074124e+01
1.998653861557800582e+01
2.051941739874044401e+01
1.972008730281503830e+01
1.977589275269746238e+01
2.084165508684889190e+01
2.049188571849085605e+01
1.897957253281120771e+01
2.165884048281918339e+01
2.035504193045030519e+01
2.054953534559285089e+01
2.142188908313302420e+01
2.037119952139912371e+01
2.032033314366522703e+01
2.027810710734039290e+01
2.002386766111975902e+01
2.112695700096261930e+01
2.060577779005943100e+01
2.018034807167232714e+01
2.099880421942996023e+01
2.012535304101928446e+01
1.942963720515367498e+01
2.134091815098382128e+01
2.117509459819370576e+01
2.115707344680707180e+01
1.985927402253663132e+01
2.026761595066102473e+01
2.144289501289722821e+01
2.065730497968203849e+01
2.015627375985194547e+01
2.103132532698552382e+01
2.172088662880267051e+01
2.194301493185567153e+01
1.906875105783108992e+01
1.996750379942493225e+01
1.959434287279281151e+01
1.968373471178439260e+01
2.031985675183751994e+01
2.252713676222829520e+01
2.017708845385207894e+01
2.056266538239312069e+01
1.968243342324313971e+01
1.978344117613976749e+01
2.145333903499399497e+01
2.164921546274429431e+01
2.034836024202412119e+01
1.944410134458520290e+01
2.032735557222505207e+01
2.100691849336211448e+01
2.039580100152296538e+01
2.033730141307857764e+01
1.907381594679524994e+01
1.975414640832350344e+01
2.056662879489823226e+01
1.987889631933129664e+01
1.960990468638015116e+01
1.857843149754381429e+01
2.105140416658761993e+01
2.124795038588036888e+01
2.055024107192532767e+01
1.971315354344597282e+01
2.202639757503047235e+01
2.147458890828376354e+01
2.148084689421743576e+01
1.936351754971398975e+01
1.874880277605228684e+01
2.015338496358092613e+01
1.929391761674723327e+01
2.141526235564906244e+01
2.057371004130513015e+01
2.016218689569608102e+01
2.158353636864194769e+01
1.932743544755500764e+01
2.043102643305407540e+01
2.030141761231547548e+01
1.888348754803166329e+01
1.981515756221148195e+01
2.013551623981536665e+01
2.040554035186734083e+01
2.081213024918421439e+01
2.023525686120678202e+01
2.072625190916332727e+01
2.005318492916372364e+01
2.022406429975194087e+01
2.034882177287903104e+01
2.004596473826369518e+01
2.052847095120527499e+01
2.079590079756946253e+01
1.944618089600650634e+01
2.186563180154666952e+01
2.140863059831249871e+01
1.983989881745604933e+01
2.004147469441963381e+01
2.016503987027206080e+01
2.002604486848933618e+01
2.034140734102384585e+01
2.208986293798075806e+01
2.113633106446002330e+01
2.054961820347450185e+01
1.879415341837199094e+01
1.851738533126436437e+01
2.013752151721534389e+01
1.971858276497887275e+01
2.101102558385066033e+01
2.116237950118008371e+01
1.785273566119155220e+01
2.009875839088261174e+01
2.258816063730185775e+01
2.133066724621433607e+01
2.092915925383613995e+01
1.852085214808240465e+01
1.993533026703826394e+01
1.987142815741188429e+01
2.187919410358209049e+01
2.070377266787316728e+01
2.067175201035063026e+01
2.121235830775550824e+01
2.139567205103254821e+01
1.949045891225455307e+01
1.882319497470528802e+01
1.885489534904054665e+01
2.049120726450059138e+01
2.149766486462322845e+01
2.210119035304454016e+01
1.987102751319054050e+01
2.180312508658547799e+01
2.153802363597363723e+01
2.281721349588156400e+01
1.926811036596097892e+01
2.079294392363545541e+01
1.894193692094449943e+01
2.047395171560221883e+01
2.166967516503820335e+01
2.081137869252309969e+01
2.122629842457112659e+01
1.999887271168912761e+01
2.127425606860456142e+01
2.195863947905222346e+01
2.082979842713859142e+01
1.933325734944096297e+01
2.088892492152839608e+01
2.027403458762502808e+01
2.137047706919010182e+01
2.123929133191529317e+01
1.948352424528852112e+01
1.854252775483762150e+01
2.227094633326525042e+01
1.902578482592026887e+01
1.980451892964665817e+01
1.921841621280806578e+01
2.061577614884332021e+01
2.112329898627772806e+01
1.970524670765610153e+01
2.027709070035902883e+01
2.005803410549929566e+01
1.995075330629045496e+01
2.009099771439565174e+01
2.026641066357373333e+01
2.008323117043818939e+01
2.178474035402638620e+01
2.061864702603064359e+01
2.053366723341599709e+01
1.947384803983298340e+01
2.067239353852228945e+01
2.142541324030041494e+01
2.175739266031085606e+01
2.067673293847254001e+01
2.066098499136253963e+01
2.186169459344865729e+01
2.026771046644248031e+01
2.109818751115465219e+01
1.958765560524624760e+01
2.249646574693593237e+01
2.109532613997754424e+01
1.888009927788976583e+01
1.832130533328265543e+01
2.018846488357008795e+01
2.051631772037753620e+01
2.045974885044017455e+01
1.940610450806300236e+01
2.188665668648766527e+01
2.144554371095862777e+01
2.028073452482871630e+01
1.918325862180385499e+01
1.991027203384479449e+01
1.924608672709752000e+01
2.013849825655554326e+01
2.158495587726408615e+01
1.987192922795728478e+01
2.116310028758454820e+01
1.890204235866302795e+01
2.003784109824108839e+01
2.144041713672201155e+01
2.111297714063478637e+01
2.155493572393858059e+01
2.159412514939146988e+01
2.214298050566769049e+01
2.016863920628250284e+01
2.072824675377548687e+01
1.832001466760698349e+01
2.137473386061053660e+01
1.956021993601409292e+01
1.903191058981884254e+01
1.938547212664770569e+01
2.119584745432152317e+01
2.088816345878738900e+01
2.077535229746859713e+01
2.081373564446819202e+01
2.066675104894319404e+01
1.972042209378902911e+01
2.072469660378665779e+01
2.133218583763519760e+01
2.065666872127691178e+01
1.882638929895325930e+01
2.078203612180561777e+01
2.000820348895030776e+01
2.083481445942312504e+01
2.291652573511284885e+01
2.099206467631444895e+01
2.056360384352401027e+01
1.946234455102301908e+01
2.311925793642150495e+01
2.007428480537634385e+01
2.206218611246735506e+01
1.998436286645797821e+01
1.983668197557520330e+01
2.075742784725985146e+01
2.134661167731606213e+01
2.062733210680743312e+01
2.024627039968309106e+01
1.985928847108926476e+01
2.167383398240681913e+01
1.991575628830591427e+01
1.941615208676264004e+01
2.053902709412129823e+01
2.072345453058481368e+01
2.017595354307020017e+01
2.247078277969431070e+01
2.035136343758345490e+01
2.002847568487674934e+01
2.226913144465849115e+01
1.940501471528654065e+01
2.197695284051525988e+01
1.985907655458287024e+01
2.054647138339938905e+01
1.969982020676117784e+01
2.116660067465221218e+01
2.191970848389845727e+01
2.111705610630370700e+01
2.081604032591019759e+01
2.079374833448440896e+01
2.204824560224879804e+01
2.096807016395935364e+01
2.175597620342653116e+01
2.054611002978811740e+01
2.031722720105943480e+01
2.000314500691512265e+01
2.034369760651902936e+01
2.034150815011845026e+01
2.042640009579952931e+01
1.904435007179391803e+01
2.128169029980226412e+01
1.685833900403140007e+01
1.912998613006885051e+01
1.985941863446393185e+01
2.231066336939462502e+01
2.040704621646283101e+01
2.009557865225196949e+01
2.051878889298107822e+01
2.136405081802147876e+01
1.978599897130419194e+01
2.142398139978496374e+01
2.087541610023174599e+01
2.223582327591395824e+01
2.034484445836173805e+01
2.009450876899133220e+01
1.844661340142355854e+01
2.003562359004558147e+01
2.067779314669185098e+01
1.918724205390764581e+01
2.068508745960469142e+01
2.156507967597371334e+01
2.066540389731852301e+01
2.169567216070092641e+01
2.109809041927173112e+01
2.185751058310895090e+01
2.025962884194678182e+01
2.045878018832387468e+01
1.963568882839452812e+01
2.146527866416625230e+01
2.119882860777079969e+01
1.921757703431570974e+01
2.234835351108819168e+01
2.042899474249515990e+01
1.886178524579141680e+01
2.091559439850817625e+01
1.944108395791053212e+01
2.032435819293336365e+01
2.171306022035118133e+01
1.976018534331016241e+01
2.240316888920758132e+01
1.942673951387907749e+01
2.116234805077643344e+01
2.035448233382868466e+01
2.007884140129946360e+01
1.979963958278548830e+01
1.990374758125689780e+01
2.062144978090624292e+01
1.936825860434944957e+01
2.007390337009264769e+01
1.971475322467274793e+01
1.926872064790015315e+01
2.037855619682702013e+01
1.999239711513551043e+01
1.859357919397437087e+01
2.210176076464966854e+01
1.903149915364576472e+01
1.979272450515254178e+01
2.092707847322053283e+01
2.119750491899291589e+01
1.913510881490117654e+01
1.985541131573306473e+01
1.847823216672932034e+01
2.093283321662237384e+01
1.996478040672036869e+01
2.074101362943831006e+01
1.884190113205881190e+01
2.038894678252601622e+01
2.071247383693335564e+01
1.945531950513659680e+01
2.075880829101528491e+01
2.075456404875637162e+01
2.038130514072685529e+01
2.077981348882430623e+01
2.074368776575808937e+01
2.033306518115704264e+01
2.104709157924217777e+01
2.128069256449209234e+01
2.082267153173093277e+01
2.042508939677430391e+01
1.952504473210286662e+01
1.988375364944118573e+01
1.992666254106288903e+01
2.093962143545807564e+01
2.094590053985001532e+01
2.122897706768020498e+01
1.922171347391856600e+01
1.886255044121896418e+01
2.224609711815579516e+01
2.129285811529157968e+01
2.038851248832848739e+01
2.095407802457092572e+01
2.119056121817180838e+01
1.987734772768408931e+01
2.098841358287599945e+01
1.939527482955440618e+01
2.159421916209321068e+01
2.045853220108942949e+01
2.164944637182287224e+01
1.993068398070563418e+01
2.071010523034281903e+01
1.973026218889984662e+01
2.000287501950702307e+01
1.993289825713721442e+01
2.185853232318378403e+01
1.892990238983888673e+01
2.085729952411176313e+01
1.965849933353986501e+01
2.177116230854457868e+01
1.996172018309901119e+01
2.179246319676164845e+01
1.929319898300855485e+01
2.030924580796526158e+01
2.029176856571895371e+01
2.082912499962343489e+01
2.098394114187150450e+01
2.301797572713236661e+01
1.949181632127846342e+01
1.976250230627617199e+01
2.086317267229989980e+01
1.943591554627453988e+01
2.067642941075869700e+01
2.218426216251223693e+01
2.129249197023184337e+01
1.854543479274950002e+01
2.125658945084808948e+01
1.984849009551106036e+01
2.078778379544814570e+01
2.064378557889723709e+01
2.030401012376220393e+01
2.020489038165051454e+01
2.097698291322695141e+01
2.081614408079640555e+01
2.037059992617765758e+01
1.996292901514214435e+01
2.089716152516797365e+01
2.100104641967827845e+01
2.008991217416325270e+01
1.945397091805722312e+01
1.879717138357495898e+01
2.137439648531474035e+01
2.117249633841674950e+01
2.152070594194447395e+01
1.997950176597233707e+01
2.014590333411058509e+01
2.038415921499630912e+01
2.132490884150464439e+01
2.142705141949630487e+01
1.982421888764383411e+01
2.086785745609445542e+01
2.015719003139436794e+01
1.977405473203475594e+01
2.092560260202493794e+01
2.243162798111633549e+01
2.024074553508697960e+01
2.121366631965418748e+01
2.133376168002191875e+01
2.010187946212319332e+01
2.006976311997760476e+01
2.290247494536746942e+01
2.183225597390299200e+01
2.058972677258449480e+01
1.978615596732034376e+01
1.977788223747723606e+01
2.027279359390247393e+01
1.942788912143549140e+01
2.132030395514230747e+01
2.002943774855731718e+01
2.171652325054333943e+01
2.128276185996983116e+01
2.046648237116222901e+01
1.932497678086822290e+01
1.949753440645251956e+01
1.916795617425110621e+01
2.092999939954256305e+01
2.068867228467500041e+01
2.167038271727033205e+01
2.228918368843543263e+01
2.034428726067999094e+01
1.991934736391748473e+01
2.068357884016991832e+01
1.946155494991454304e+01
2.180028445483660704e+01
2.114106969562212157e+01
2.165526890057512333e+01
2.064342097007364529e+01
1.980686356174537011e+01
2.026689343087292983e+01
2.052714221259403260e+01
2.146415998458163443e+01
2.052200656636249931e+01
1.956568949462780793e+01
2.062791619705336643e+01
2.107116761058505006e+01
2.031498537651384595e+01
2.095090580983692163e+01
1.997213496087553608e+01
2.080966482978337595e+01
2.054808263540333257e+01
2.123513472689871406e+01
2.055787105300312589e+01
1.957116982989743548e+01
2.086335680524642200e+01
1.973912143161123112e+01
1.940387632350799407e+01
2.143775205375254700e+01
2.174990725079185694e+01
1.824721823816411614e+01
2.105983654052357679e+01
2.020705166692790300e+01
1.949061738277931610e+01
2.018249185844775084e+01
2.169786328463572644e+01
2.060356431268933264e+01
2.138565210111369908e+01
1.943824200805489255e+01
2.085400142585714534e+01
1.970811322683105971e+01
1.994200195021029032e+01
2.093537796156661912e+01
2.032462150879791452e+01
1.935802127860383592e+01
2.134674298956445426e+01
2.168141803599972661e+01
2.169612194484723489e+01
2.026681601379870656e+01
2.072523049694505559e+01
2.141304621439594769e+01
2.044831300349799363e+01
2.156893677759495276e+01
1.863431378759398171e+01
2.076104081412388425e+01
1.979893007281890149e+01
2.239960489013265743e+01
2.072957165296311643e+01
1.990848916321949602e+01
2.211082111705609776e+01
1.961971979719383086e+01
2.064601151943474022e+01
1.960126991738762925e+01
1.985660949931916264e+01
2.111759247935302497e+01
2.000971464159798430e+01
2.011412938080242085e+01
2.170078393320012111e+01
2.104095554733277496e+01
1.924668793206688733e+01
2.037693486393931508e+01
1.903028791088613758e+01
2.093167244572899577e+01
1.984661021028596295e+01
2.122372282435538793e+01
2.018652886387500089e+01
2.192544777504290110e+01
1.845752779792581322e+01
2.109614939894429853e+01
2.000966228289175675e+01
1.938432080795762147e+01
2.008914324753581937e+01
1.965660278014422246e+01
2.094015123647343657e+01
2.187919086324874485e+01
1.966666087073240732e+01
2.044426625429728617e+01
2.249058472495309857e+01
2.120345364877406524e+01
2.105929758243419769e+01
1.961103266962872738e+01
1.863017824105433107e+01
1.841894368114843772e+01
1.979490740496986589e+01
2.117314918916827793e+01
2.094669171675279884e+01
1.990325467595521403e+01
1.951229416150002649e+01
1.999068986877561471e+01
2.234361159939997776e+01
2.023891518427461378e+01
1.995851991414893334e+01
2.074742422735430125e+01
1.986518344816077786e+01
2.053826221724829892e+01
2.068282565978041632e+01
1.922188987072960131e+01
1.912093416215538610e+01
2.163325536694482309e+01
1.876104204173887169e+01
2.109430677513843477e+01
1.996637571309664239e+01
2.203171943908785835e+01
1.960883924514274668e+01
2.104019159860194321e+01
2.062456183116076502e+01
2.146919246534348247e+01
2.076869242402676363e+01
1.977560212147345098e+01
2.188856842701827077e+01
2.082395426515116554e+01
1.962239390334536537e+01
2.069373762727717292e+01
1.961357230400010465e+01
2.265602227643502431e+01
2.017939581184242925e+01
2.146274860837990772e+01
1.936266426561186904e+01
2.110323100445084066e+01
2.192401241241763898e+01
2.256292607340686729e+01
1.985511890999746853e+01
1.917649123370447484e+01
2.203054811519884737e+01
2.189539738613616748e+01
2.011683695126746230e+01
2.051524562283131914e+01
2.287413617363781526e+01
2.004160892053463883e+01
2.019193830475063933e+01
1.891240913750308650e+01
2.052389413173827393e+01
2.129518775332530112e+01
2.233340842905801082e+01
2.162708385434076419e+01
1.980240238985443213e+01
1.993618897256199674e+01
2.085416031136214343e+01
2.113548532596120211e+01
2.029851686055512516e+01
2.049755103304849868e+01
2.184160262803072783e+01
2.213501567457235453e+01
1.976626279764738214e+01
1.956296608474253418e+01
2.310401605719691176e+01
2.126558398168091202e+01
1.946675783477667210e+01
1.994352783393179607e+01
1.992048861401593030e+01
2.161341275344259216e+01
2.194286994461113238e+01
2.118590356518856055e+01
1.987618862027666822e+01
2.270856092889730959e+01
2.067061752455909485e+01
2.168286161958702607e+01
2.017313052004799445e+01
1.945848051816176394e+01
2.018998651068350014e+01
1.960105926465669057e+01
2.046437298561398777e+01
2.033921515574867556e+01
2.217933995197076769e+01
2.209273077171740596e+01
2.002221246901148533e+01
2.021900784182810185e+01
2.142486613375065119e+01
2.160984178000847322e+01
2.155651475492255287e+01
1.954089009943825417e+01
2.006120014092064707e+01
2.188875737236858043e+01
1.925928906311944999e+01
2.083864118247080910e+01
2.045348467837903783e+01
1.889859960141760098e+01
2.191721856716340611e+01
2.036688345942054568e+01
2.058266453955801367e+01
1.740373137621521948e+01
1.875080070368221996e+01
1.986977450483877305e+01
1.936648301750768297e+01
1.989139716502302946e+01
1.977694792214940378e+01
2.131228978209505343e+01
2.135636946518608781e+01
2.101729701516828897e+01
1.970783649762170953e+01
1.937410673447880427e+01
2.038848534281784453e+01
2.039574498573697880e+01
1.974150104712205334e+01
2.043508239653448300e+01
2.007960021433245856e+01
2.263113667371679583e+01
1.698618405097627004e+01
2.178134208151853812e+01
2.051516155626094928e+01
2.080396763664525750e+01
2.022826484833920802e+01
2.179693664318468294e+01
1.992620840644000069e+01
1.838913137091422456e+01
1.885053475267125123e+01
1.969051182831777425e+01
2.113786850422135899e+01
2.112807986765038493e+01
2.154391377589048773e+01
2.202461484674319792e+01
1.942449602908878603e+01
1.991294054877479169e+01
1.982810844167989828e+01
2.154527584200518220e+01
2.145998179574136699e+01
2.132790741937408185e+01
1.745426949231110214e+01
2.126566387713029016e+01
2.097997512506338325e+01
2.154171112015623990e+01
2.265212890030108639e+01
1.909703979916217165e+01
1.838073129548507367e+01
2.209306903825012824e+01
1.895182071994273798e+01
1.987494177726235733e+01
2.090006178791947633e+01
2.113118275052920225e+01
1.857854816133629683e+01
2.202856371308325478e+01
1.885572383311978584e+01
2.157020813809266713e+01
2.018928468373547247e+01
2.129875382177732490e+01
2.027412408909478003e+01
2.113254485737446942e+01
2.035339275686405358e+01
2.128285881253786371e+01
2.011946085946749463e+01
1.975602701128628880e+01
2.060713658092357292e+01
1.954737246074553525e+01
1.929637298026253234e+01
2.261180154104771844e+01
2.196382176205461079e+01
2.049166732498146004e+01
2.240675588839204480e+01
1.990934160457411650e+01
2.023032966737050131e+01
2.169215911388560869e+01
2.085529327641688013e+01
1.970271053689940288e+01
2.191205699348862623e+01
1.980607130572750663e+01
1.982737367293815112e+01
2.218558755244959713e+01
2.210621169809260422e+01
2.102573708990794898e+01
1.834624913497244592e+01
2.071074712167713017e+01
2.185749150521556317e+01
2.013354711633850513e+01
2.129635137438706494e+01
1.827772622268372515e+01
2.195567065548238261e+01
2.088839770706966092e+01
2.185212403513517998e+01
1.994769654654096058e+01
1.995282603106225849e+01
1.965555701512156617e+01
2.066565321450866577e+01
2.063904087699254575e+01
2.128806711582050681e+01
2.130419591688196235e+01
2.009695517783279328e+01
1.946964761159904000e+01
1.903276944718331265e+01
2.078477812474483954e+01
2.040169703974178717e+01
2.077012985901153286e+01
2.041357810781627080e+01
1.907873147197090802e+01
2.029908751647900189e+01
1.907452943053936067e+01
2.162272635310291236e+01
2.233553348520383253e+01
2.071297953013203497e+01
2.130200881968185200e+01
2.115750678280804919e+01
2.084497813523172027e+01
2.005854654879565402e+01
2.069648111618479547e+01
2.242783108199222752e+01
2.143291661172515106e+01
1.884923885320058901e+01
1.925133829323570822e+01
1.990473422609362331e+01
2.146084515485115318e+01
2.122613081770500543e+01
2.071110732325638537e+01
1.967347340876058226e+01
2.077407576572855774e+01
2.020191567910752184e+01
2.041076373773352159e+01
1.955197450808941539e+01
2.157671176502175214e+01
2.097195559137216492e+01
2.112461869941666848e+01
2.163858452574958235e+01
2.208417913975736369e+01
2.083225651702558778e+01
1.933791503315772431e+01
1.893024842766725158e+01
1.946622890796467331e+01
2.016943429792884146e+01
2.067001005833711602e+01
1.858348987877941028e+01
1.932237261200452494e+01
2.006635929502659010e+01
2.145510094723022476e+01
1.957515643492513746e+01
2.184264352842373924e+01
2.055192841676064219e+01
2.174948329001908931e+01
2.117536481444519936e+01
1.907377388961672438e+01
1.962708560414167280e+01
1.987753386338751582e+01
1.996556102402883326e+01
2.010226574184367010e+01
1.904534081329159534e+01
1.886113076271777089e+01
2.243681315387614816e+01
1.998428556438897274e+01
2.043525741109195693e+01
2.062069836386602262e+01
2.082916089259943249e+01
2.044110693069710649e+01
2.037659757322231613e+01
2.061000457400352559e+01
1.903442183198350790e+01
2.019883592892169943e+01
1.720371811015478514e+01
2.177200555017950734e+01
2.093233759551140594e+01
1.964398525753677660e+01
2.152903314698769321e+01
2.033476977914870076e+01
2.057944849312801949e+01
1.950402306441643674e+01
1.872313045814411225e+01
2.024366493535961453e+01
2.193507986646880425e+01
2.141442691596968118e+01
2.192073579969055785e+01
2.034293945699329953e+01
2.213041428007923628e+01
1.934850037065056583e+01
1.958261975294141166e+01
2.052490334895368918e+01
2.150538730021486700e+01
2.132428781930590134e+01
2.117856585666539715e+01
1.956299510807176389e+01
2.101528049707999557e+01
2.055617523984040673e+01
1.935867102194468359e+01
2.091327912076011941e+01
1.964804480631863726e+01
2.019671045268967191e+01
1.909864865138011680e+01
2.103263854115213149e+01
2.051261118651832405e+01
2.093985600934784230e+01
1.968591334160228001e+01
2.178641167397881517e+01
2.037016325112411508e+01
2.053033303691226763e+01
2.005603616284841806e+01
2.097048610024169690e+01
