5.760000000000000000e+02 3.390000000000000124e+00
6.350000000000000000e+02 3.299999999999999822e+00
5.580000000000000000e+02 2.810000000000000053e+00
5.780000000000000000e+02 3.029999999999999805e+00
6.660000000000000000e+02 3.439999999999999947e+00
5.800000000000000000e+02 3.069999999999999840e+00
5.550000000000000000e+02 3.000000000000000000e+00
6.610000000000000000e+02 3.430000000000000160e+00
6.510000000000000000e+02 3.359999999999999876e+00
6.050000000000000000e+02 3.129999999999999893e+00
6.530000000000000000e+02 3.120000000000000107e+00
5.750000000000000000e+02 2.740000000000000213e+00
5.450000000000000000e+02 2.759999999999999787e+00
5.720000000000000000e+02 2.879999999999999893e+00
5.940000000000000000e+02 2.959999999999999964e+00
