6.220000000000000000e+02 3.229999999999999982e+00
5.420000000000000000e+02 2.830000000000000071e+00
5.790000000000000000e+02 3.240000000000000213e+00
6.530000000000000000e+02 3.120000000000000107e+00
6.060000000000000000e+02 3.089999999999999858e+00
5.760000000000000000e+02 3.390000000000000124e+00
6.200000000000000000e+02 3.100000000000000089e+00
6.150000000000000000e+02 3.399999999999999911e+00
5.530000000000000000e+02 2.970000000000000195e+00
6.070000000000000000e+02 2.910000000000000142e+00
5.580000000000000000e+02 3.109999999999999876e+00
5.960000000000000000e+02 3.240000000000000213e+00
6.350000000000000000e+02 3.299999999999999822e+00
5.810000000000000000e+02 3.220000000000000195e+00
6.610000000000000000e+02 3.430000000000000160e+00
5.470000000000000000e+02 2.910000000000000142e+00
5.990000000000000000e+02 3.229999999999999982e+00
6.460000000000000000e+02 3.470000000000000195e+00
6.220000000000000000e+02 3.149999999999999911e+00
6.110000000000000000e+02 3.330000000000000071e+00
5.460000000000000000e+02 2.990000000000000213e+00
6.140000000000000000e+02 3.189999999999999947e+00
6.280000000000000000e+02 3.029999999999999805e+00
5.750000000000000000e+02 3.009999999999999787e+00
6.620000000000000000e+02 3.390000000000000124e+00
6.270000000000000000e+02 3.410000000000000142e+00
6.080000000000000000e+02 3.040000000000000036e+00
6.320000000000000000e+02 3.290000000000000036e+00
5.870000000000000000e+02 3.160000000000000142e+00
5.810000000000000000e+02 3.169999999999999929e+00
6.050000000000000000e+02 3.129999999999999893e+00
7.040000000000000000e+02 3.359999999999999876e+00
4.770000000000000000e+02 2.569999999999999840e+00
5.910000000000000000e+02 3.020000000000000018e+00
5.780000000000000000e+02 3.029999999999999805e+00
5.720000000000000000e+02 2.879999999999999893e+00
6.150000000000000000e+02 3.370000000000000107e+00
6.060000000000000000e+02 3.200000000000000178e+00
6.030000000000000000e+02 3.229999999999999982e+00
5.350000000000000000e+02 2.979999999999999982e+00
5.950000000000000000e+02 3.109999999999999876e+00
5.750000000000000000e+02 2.919999999999999929e+00
5.730000000000000000e+02 2.850000000000000089e+00
6.440000000000000000e+02 3.379999999999999893e+00
5.450000000000000000e+02 2.759999999999999787e+00
6.450000000000000000e+02 3.270000000000000018e+00
6.510000000000000000e+02 3.359999999999999876e+00
5.620000000000000000e+02 3.189999999999999947e+00
6.090000000000000000e+02 3.169999999999999929e+00
5.550000000000000000e+02 3.000000000000000000e+00
5.860000000000000000e+02 3.109999999999999876e+00
5.800000000000000000e+02 3.069999999999999840e+00
5.940000000000000000e+02 2.959999999999999964e+00
5.940000000000000000e+02 3.049999999999999822e+00
5.600000000000000000e+02 2.930000000000000160e+00
6.410000000000000000e+02 3.279999999999999805e+00
5.120000000000000000e+02 3.009999999999999787e+00
6.310000000000000000e+02 3.209999999999999964e+00
5.970000000000000000e+02 3.319999999999999840e+00
6.210000000000000000e+02 3.240000000000000213e+00
6.170000000000000000e+02 3.029999999999999805e+00
6.370000000000000000e+02 3.330000000000000071e+00
5.720000000000000000e+02 3.080000000000000071e+00
6.100000000000000000e+02 3.129999999999999893e+00
5.620000000000000000e+02 3.009999999999999787e+00
6.350000000000000000e+02 3.299999999999999822e+00
6.140000000000000000e+02 3.149999999999999911e+00
5.460000000000000000e+02 2.819999999999999840e+00
5.980000000000000000e+02 3.200000000000000178e+00
6.660000000000000000e+02 3.439999999999999947e+00
5.700000000000000000e+02 3.009999999999999787e+00
5.700000000000000000e+02 2.919999999999999929e+00
6.050000000000000000e+02 3.450000000000000178e+00
5.650000000000000000e+02 3.149999999999999911e+00
6.860000000000000000e+02 3.500000000000000000e+00
6.080000000000000000e+02 3.160000000000000142e+00
5.950000000000000000e+02 3.189999999999999947e+00
5.900000000000000000e+02 3.149999999999999911e+00
5.580000000000000000e+02 2.810000000000000053e+00
6.110000000000000000e+02 3.160000000000000142e+00
5.640000000000000000e+02 3.020000000000000018e+00
5.750000000000000000e+02 2.740000000000000213e+00
