2.002728750620852338e+01
2.103151281694611541e+01
2.070545129460056444e+01
2.048001435231271827e+01
2.062706936495071730e+01
1.991552487614037048e+01
2.167309061378584545e+01
1.934627293598263975e+01
2.095048193158023864e+01
1.982744794837132929e+01
2.054068598687230107e+01
2.006677956155620990e+01
1.980717053697676633e+01
2.159724825010633609e+01
1.861278043489479472e+01
2.048450701368918914e+01
2.131575482449015624e+01
1.935837924376332353e+01
1.789977340476881906e+01
1.968986427452816557e+01
1.979182883536392978e+01
2.293522321889285109e+01
2.123705581796124520e+01
2.057679502216563350e+01
2.027030618960388964e+01
2.023111026475211816e+01
2.119072576468388291e+01
2.058850922860671417e+01
2.009726474951612474e+01
2.127576537413807500e+01
2.031752467059055078e+01
1.983675286395805415e+01
2.154181314295566807e+01
2.050566690789393576e+01
2.112845805261692789e+01
2.021163896939616578e+01
1.900996771055508106e+01
2.135401959549029982e+01
1.948405682601284283e+01
2.173661850849670074e+01
2.163123166315237711e+01
2.055714253154764393e+01
2.167549028635413677e+01
2.114525202290774786e+01
2.333355431007298009e+01
2.012660615049985680e+01
2.031351752709813141e+01
1.996032319874224470e+01
2.011964837270092943e+01
2.073104320605935413e+01
2.011654424633406535e+01
2.107687706922257576e+01
2.054801771834896940e+01
1.902823332762644171e+01
2.115938090695622975e+01
2.057510455022546125e+01
2.140086469761111232e+01
2.037474957630160333e+01
2.003356051503382318e+01
1.971329499685597497e+01
2.012240123515198675e+01
2.057567876749228475e+01
1.909318208041615250e+01
2.065205155247076263e+01
1.949037385758842689e+01
1.936854857939144736e+01
2.233426650824576853e+01
2.009043672657363544e+01
2.136928646727012193e+01
2.143934461871837627e+01
2.029964020186384133e+01
1.908877918110797012e+01
2.053998321692790796e+01
1.954412888042005036e+01
2.179132935767249890e+01
2.072229907891158263e+01
2.101417728605858315e+01
1.966944744849138615e+01
1.991334543661524492e+01
1.812555759107764075e+01
2.134457721859480017e+01
2.186887000482784771e+01
2.048941819037196765e+01
2.111771489667371071e+01
2.061616195362880788e+01
2.233660461944609565e+01
2.054957631899119264e+01
2.235424319086040512e+01
2.020292308406044768e+01
2.072487443187503331e+01
1.861191757408487035e+01
1.962811407779004114e+01
1.900094842454173971e+01
1.935236866914711129e+01
2.058558840853025984e+01
2.019731667117648755e+01
2.143083140894866645e+01
2.162376444518783103e+01
2.143103183682694990e+01
2.142414574554757323e+01
1.980034801983026327e+01
1.992232191256665530e+01
2.174792097335177488e+01
2.066859833577339245e+01
2.154899586435797687e+01
2.156132985005789493e+01
2.002789665205386171e+01
2.171992037728968228e+01
1.969287950198036796e+01
2.017736011029887067e+01
2.107499626177898833e+01
2.067957656750658302e+01
2.197742513016682153e+01
2.137572873778493232e+01
2.187913228898956319e+01
2.007780930984110057e+01
2.038919116877657345e+01
1.892657410085995195e+01
2.106338499946796716e+01
1.901883180548881924e+01
2.125086065843616012e+01
1.997671365144533695e+01
1.884620611437190973e+01
1.991656803509062712e+01
2.130421914627867963e+01
2.123679359037645753e+01
2.004600537192406406e+01
1.941052724341944113e+01
2.122824711433494471e+01
2.000173943563414980e+01
