-1.910000000000000142e+01
-1.519999999999999929e+01
-1.240000000000000036e+01
-1.539999999999999858e+01
-8.699999999999999289e+00
-6.699999999999999289e+00
-5.899999999999999467e+00
-3.500000000000000000e+00
-3.099999999999999645e+00
-2.099999999999999645e+00
4.200000000000001066e+00
6.099999999999999645e+00
7.000000000000001776e+00
9.099999999999999645e+00
1.000000000000000178e+01
1.029999999999999893e+01
1.320000000000000107e+01
1.009999999999999964e+01
1.409999999999999964e+01
1.440000000000000036e+01
2.010000000000000142e+01
2.629999999999999716e+01
2.769999999999999574e+01
2.219999999999999574e+01
2.339999999999999858e+01
